user_label_1:0 user_label_2:0 user_label_3:0 	2017-08-20 14:45:44.546344
c1:0 c2:0 c3:0 c4:0 c5:0 c6:0 c7:0 c8:0 c9:0 c10:0 c11:0 c12:0 c13:0 c14:0 c15:0 c16:0 c17:0 c18:0 c19:0 c20:0 	2017-08-22 13:39:33.545294
